  6   -0.755 
  7   -0.682 
  8   -0.700 
  9   -0.700 
 10   -0.536 
 11   -0.409 
 12   -0.527 
 13   -0.482 
 14   -0.918 
 15   -0.873 
 16   -0.709 
 17   -0.755 
 18   -0.709 
 19   -0.873 
 20   -0.709 
 21   -0.900 
 22   -0.909 
 23   -0.909 
 24   -1.045 
 25   -1.109 
 26   -0.991 
 27   -1.036 
 28   -1.155 
 29   -1.318 
 30   -1.136 
 31   -1.136 
 32   -1.109 
 33   -1.036 
 34   -0.600 
 35   -0.445 
 36   -0.218 
 37   -0.145 
 38   -0.264 
 39    0.173 
 40    0.609 
 41    0.555 
 42    0.418 
 43    0.327 
 44    0.300 
 45   -0.091 
 46   -0.155 
 47   -0.318 
 48   -0.509 
 49   -0.345 
 50   -0.845 
 51   -1.164 
 52   -1.291 
 53   -1.127 
 54   -0.627 
 55   -0.673 
 56   -0.591 
 57   -0.545 
 58   -0.545 
 59   -0.609 
 60   -0.700 
 61   -0.636 
 62   -0.709 
 63   -0.682 
 64   -0.682 
 65   -1.182 
 66   -1.300 
 67   -1.427 
 68   -1.591 
 69   -1.655 
 70   -1.427 
 71   -1.473 
