  6   -1.055 
  7   -0.936 
  8   -0.873 
  9   -0.618 
 10   -0.436 
 11   -0.500 
 12   -0.245 
 13   -0.373 
 14    0.109 
 15    0.236 
 16    0.109 
 17   -0.145 
 18   -0.145 
 19   -0.145 
 20   -0.400 
 21   -0.391 
 22   -0.136 
 23   -0.636 
 24   -0.636 
 25   -0.636 
 26   -0.764 
 27   -0.573 
 28   -0.436 
 29   -0.600 
 30   -0.418 
 31   -0.600 
 32   -0.664 
 33   -0.727 
 34   -0.727 
 35   -0.536 
 36   -0.973 
 37   -1.018 
 38   -1.082 
 39   -1.155 
 40   -1.155 
 41   -1.309 
 42   -1.309 
 43   -1.436 
 44   -1.536 
 45   -1.473 
 46   -1.536 
 47   -1.345 
 48   -1.300 
 49   -1.473 
 50   -1.345 
 51   -1.345 
 52   -1.245 
 53   -1.064 
 54   -0.882 
 55   -0.727 
 56   -0.545 
 57   -0.236 
 58   -0.427 
 59   -0.427 
 60   -0.218 
 61   -0.155 
 62    0.282 
 63    0.009 
 64   -0.173 
 65   -0.355 
 66   -0.345 
 67   -0.345 
 68   -0.345 
 69   -0.227 
 70   -0.227 
 71   -0.436 
 72   -0.191 
 73   -0.500 
 74   -0.355 
 75   -0.309 
 76   -0.127 
 77   -0.273 
 78   -0.327 
 79   -0.327 
 80   -0.282 
 81   -0.100 
 82   -0.055 
 83   -0.327 
 84   -0.291 
 85    0.145 
 86    0.282 
 87   -0.045 
 88    0.073 
 89   -0.055 
 90   -0.536 
 91   -0.764 
 92   -0.782 
 93   -0.736 
 94   -0.900 
 95   -1.127 
 96   -1.436 
 97   -1.618 
 98   -1.536 
 99   -1.655 
100   -1.718 
101   -1.673 
102   -1.673 
103   -1.836 
104   -1.764 
105   -1.582 
106   -1.518 
107   -1.645 
108   -1.455 
109   -1.345 
110   -1.391 
111   -1.164 
112   -1.209 
113   -0.955 
114   -1.018 
115   -1.018 
116   -1.200 
117   -1.009 
118   -0.891 
119   -0.964 
120   -1.009 
121   -0.982 
122   -1.209 
123   -1.164 
124   -1.355 
125   -1.100 
126   -1.218 
127   -1.027 
128   -1.218 
129   -1.309 
130   -1.427 
131   -1.573 
132   -1.600 
133   -1.373 
134   -1.191 
135   -1.064 
136   -1.255 
137   -1.255 
138   -1.282 
139   -1.282 
140   -1.355 
141   -0.918 
142   -0.655 
143   -0.491 
144   -0.800 
145   -0.955 
146   -1.145 
147   -1.209 
148   -1.018 
149   -1.182 
150   -1.245 
151   -1.173 
152   -1.445 
153   -1.445 
154   -1.445 
155   -1.173 
156   -1.036 
157   -0.973 
158   -0.745 
159   -0.936 
160   -0.909 
161   -0.682 
162   -0.709 
163   -0.873 
164   -0.964 
165   -1.127 
166   -1.255 
167   -0.982 
168   -0.855 
169   -1.018 
170   -0.827 
171   -0.900 
172   -1.127 
173   -1.009 
174   -0.573 
175   -0.482 
176   -0.482 
177   -0.291 
178   -0.727 
179   -0.691 
180   -0.691 
181   -0.445 
182   -0.400 
183   -0.173 
184   -0.100 
185   -0.355 
186   -0.473 
187   -0.473 
188   -0.545 
189   -0.382 
190   -0.427 
191   -0.427 
192   -0.864 
193   -0.818 
194   -0.955 
195   -1.145 
196   -1.327 
197   -1.209 
198   -1.045 
199   -1.164 
200   -1.200 
201   -1.382 
202   -1.200 
203   -1.264 
204   -1.264 
205   -1.291 
206   -1.291 
207   -1.109 
208   -1.227 
209   -1.455 
210   -1.327 
211   -1.455 
212   -1.364 
213   -1.609 
214   -1.382 
215   -1.491 
216   -1.464 
217   -1.300 
218   -1.482 
219   -1.364 
220   -1.255 
221   -1.382 
222   -1.382 
223   -1.291 
224   -1.227 
225   -1.345 
226   -1.236 
227   -1.264 
228   -0.991 
229   -1.055 
230   -1.055 
231   -1.100 
232   -0.936 
233   -0.936 
234   -1.055 
235   -0.873 
236   -0.755 
237   -0.845 
238   -0.818 
239   -1.400 
240   -1.218 
241   -1.336 
242   -1.336 
243   -1.373 
244   -1.255 
245   -1.064 
246   -1.291 
247   -1.455 
248   -0.973 
249   -0.564 
250   -0.300 
251   -0.391 
252   -0.436 
253   -0.436 
254   -0.445 
