  6   -0.445 
  7   -0.555 
  8   -0.555 
  9   -0.945 
 10   -0.764 
 11   -0.327 
 12   -0.736 
 13   -0.573 
 14   -0.627 
 15   -0.464 
 16   -0.636 
 17   -0.645 
 18   -0.509 
 19   -0.555 
 20   -0.664 
 21   -0.664 
 22   -0.664 
 23   -0.500 
 24   -0.545 
 25   -0.545 
 26   -0.545 
 27   -0.318 
 28   -0.255 
 29    0.109 
 30    0.318 
 31    0.382 
 32    0.200 
 33    0.200 
 34    0.009 
 35    0.009 
 36    0.318 
 37    0.336 
 38    0.155 
 39    0.018 
 40   -0.482 
 41   -0.691 
 42   -0.691 
 43   -0.691 
 44   -1.100 
 45   -1.100 
 46   -1.218 
 47   -1.491 
 48   -1.673 
 49   -1.645 
 50   -1.500 
 51   -1.582 
 52   -1.491 
 53   -1.491 
 54   -1.536 
 55   -1.436 
 56   -1.436 
 57   -1.409 
 58   -1.527 
 59   -1.400 
 60   -1.473 
 61   -1.473 
 62   -0.891 
 63   -0.755 
 64   -0.591 
 65   -0.545 
 66   -0.555 
 67   -0.600 
 68   -0.191 
 69   -0.282 
 70   -0.409 
 71    0.073 
 72    0.000 
 73   -0.273 
 74   -0.273 
 75   -0.309 
 76   -0.309 
 77    0.009 
 78    0.082 
 79   -0.355 
 80   -0.455 
 81   -0.327 
 82   -0.764 
 83   -0.945 
 84   -0.945 
 85   -1.009 
 86   -1.109 
 87   -1.109 
 88   -1.545 
 89   -1.573 
 90   -1.573 
 91   -1.427 
 92   -1.436 
 93   -1.500 
 94   -1.273 
 95   -1.245 
 96   -1.427 
 97   -1.455 
 98   -1.455 
 99   -1.455 
100   -1.500 
101   -1.500 
102   -1.427 
103   -1.109 
104   -0.609 
105   -0.745 
106   -0.936 
107   -0.682 
108   -0.518 
109   -0.400 
110   -0.355 
111   -0.182 
112   -0.182 
113    0.182 
114   -0.136 
115   -0.573 
116   -0.436 
117   -0.482 
118   -0.491 
119   -0.800 
120   -0.964 
121   -1.155 
122   -0.845 
123   -0.891 
124   -0.891 
125   -1.055 
126   -0.864 
127   -0.591 
128   -0.609 
129   -0.791 
130   -0.464 
131    0.018 
132    0.355 
133    0.082 
134    0.564 
135    0.255 
136    0.327 
137    0.573 
138    0.073 
139    0.573 
140    0.764 
141    0.536 
142    0.127 
143   -0.064 
144   -0.064 
145   -0.064 
146    0.245 
147    0.218 
148   -0.218 
149    0.282 
150    0.282 
151    0.255 
152    0.482 
153    0.455 
154    0.891 
155    0.727 
156    0.291 
157    0.291 
158    0.418 
159    0.855 
160    0.545 
161    0.300 
162    0.182 
163    0.027 
164    0.055 
165   -0.218 
166   -0.191 
167    0.245 
168   -0.064 
169   -0.073 
170   -0.509 
171   -0.200 
172   -0.455 
173   -0.473 
174   -0.473 
175   -0.373 
176   -0.418 
177   -0.327 
178   -0.327 
179   -0.427 
180   -0.545 
181   -0.427 
182   -0.427 
183   -0.427 
184   -0.336 
185   -0.364 
186   -0.327 
187   -0.255 
188   -0.373 
189   -0.645 
190   -0.673 
191   -0.236 
192   -0.327 
193   -0.327 
194   -0.145 
195   -0.136 
196    0.027 
197    0.027 
198    0.273 
199    0.273 
200    0.291 
201    0.473 
202    0.064 
203    0.227 
204   -0.091 
205   -0.209 
206   -0.336 
207   -0.318 
208   -0.045 
209   -0.045 
210    0.118 
211   -0.036 
212   -0.282 
213   -0.355 
214   -0.382 
215   -0.382 
216   -0.309 
217   -0.118 
218    0.136 
219   -0.300 
220   -0.664 
221   -0.664 
222   -0.564 
223   -0.336 
224   -0.173 
225   -0.218 
226   -0.155 
227   -0.182 
228   -0.209 
229   -0.645 
230   -0.209 
231   -0.282 
232   -0.009 
233   -0.018 
234   -0.155 
235   -0.082 
236   -0.200 
237   -0.218 
238    0.173 
239   -0.055 
240   -0.055 
241   -0.055 
242   -0.200 
243   -0.636 
244   -0.573 
245   -0.164 
246   -0.173 
