  6   -0.282 
  7   -0.327 
  8   -0.418 
  9   -0.173 
 10   -0.418 
 11   -0.900 
 12   -1.091 
 13   -1.273 
 14   -0.864 
 15   -0.627 
 16   -0.464 
 17   -0.473 
 18   -0.309 
 19   -0.145 
 20   -0.136 
 21   -0.327 
 22   -0.100 
 23   -0.145 
 24   -0.291 
 25   -0.873 
 26   -0.882 
 27   -1.000 
 28   -1.018 
 29   -0.991 
 30   -1.182 
 31   -1.373 
 32   -1.209 
 33   -1.391 
 34   -1.273 
 35   -1.127 
 36   -0.955 
 37   -1.136 
 38   -1.000 
 39   -1.164 
 40   -1.327 
 41   -1.200 
 42   -1.036 
 43   -1.200 
 44   -1.264 
 45   -1.291 
 46   -1.173 
 47   -1.155 
 48   -1.036 
 49   -1.264 
 50   -1.073 
 51   -0.909 
 52   -0.855 
 53   -1.018 
 54   -0.582 
 55   -0.518 
 56   -0.445 
 57   -0.627 
 58   -0.482 
 59   -0.409 
 60   -0.336 
 61   -0.091 
 62   -0.164 
 63   -0.345 
 64   -0.300 
 65   -0.300 
 66    0.136 
 67    0.045 
 68    0.227 
 69    0.218 
 70    0.191 
 71    0.118 
 72   -0.318 
 73   -0.436 
 74    0.000 
 75   -0.091 
 76   -0.527 
 77   -0.845 
 78   -0.755 
 79   -0.691 
 80   -0.709 
 81   -0.755 
 82   -0.518 
 83   -0.582 
 84   -0.645 
 85   -1.145 
 86   -1.055 
 87   -1.027 
 88   -1.100 
 89   -1.282 
 90   -1.418 
 91   -1.464 
 92   -1.536 
 93   -1.609 
 94   -1.109 
 95   -0.882 
 96   -0.818 
 97   -0.909 
 98   -0.982 
 99   -0.864 
100   -0.609 
101   -0.700 
102   -0.382 
103   -0.236 
104   -0.191 
105   -0.191 
106   -0.327 
107   -0.200 
108   -0.155 
109   -0.255 
110   -0.236 
111   -0.400 
112   -0.191 
113   -0.600 
114   -0.791 
115   -0.955 
116   -1.455 
117   -1.482 
118   -1.609 
119   -1.482 
120   -1.336 
121   -1.400 
122   -1.300 
123   -1.345 
124   -1.436 
125   -1.436 
126   -1.273 
127   -1.255 
128   -1.182 
129   -1.109 
130   -1.209 
131   -1.255 
132   -1.209 
133   -1.155 
134   -1.227 
135   -0.973 
136   -0.855 
137   -1.164 
138   -0.955 
139   -0.909 
140   -0.855 
141   -0.855 
142   -0.809 
143   -0.845 
144   -0.845 
145   -0.891 
146   -1.145 
147   -1.073 
148   -0.809 
149   -0.973 
150   -0.927 
151   -1.118 
152   -1.118 
153   -0.955 
154   -0.900 
155   -0.645 
156   -0.645 
157   -0.555 
158   -0.555 
159   -0.818 
160   -0.818 
161   -1.127 
162   -0.900 
163   -0.764 
164   -0.991 
165   -0.982 
166   -1.391 
167   -1.200 
168   -1.045 
169   -1.073 
170   -0.800 
171   -0.800 
172   -0.473 
173   -0.200 
174   -0.427 
175   -0.427 
176   -0.500 
177   -0.527 
178   -0.600 
179   -0.827 
180   -0.991 
181   -1.091 
182   -0.927 
183   -1.173 
184   -1.609 
185   -1.545 
186   -1.364 
187   -1.364 
188   -1.318 
189   -1.409 
190   -1.364 
191   -1.318 
192   -1.227 
193   -1.391 
194   -1.282 
195   -1.164 
196   -1.164 
197   -1.164 
198   -1.282 
199   -1.209 
200   -1.073 
201   -0.882 
202   -0.736 
203   -0.673 
204   -0.509 
205   -0.555 
206   -0.509 
207   -0.509 
208   -0.500 
209   -0.336 
210   -0.273 
211   -0.436 
212   -0.191 
213    0.055 
214   -0.127 
215   -0.127 
216   -0.082 
217   -0.127 
218    0.064 
219   -0.109 
220   -0.336 
221   -0.518 
222   -0.582 
223   -0.582 
224   -0.582 
225   -0.582 
226   -0.718 
227   -0.636 
228   -0.727 
229   -0.982 
230   -0.936 
231   -0.936 
232   -0.891 
233   -0.827 
234   -1.264 
235   -1.700 
236   -1.582 
237   -1.609 
238   -1.800 
239   -1.800 
240   -1.800 
241   -1.845 
242   -1.591 
243   -1.473 
244   -1.291 
245   -1.164 
246   -1.164 
247   -1.118 
248   -1.000 
249   -0.773 
250   -0.364 
251   -0.118 
252   -0.118 
253   -0.309 
254   -0.309 
255   -0.327 
256   -0.273 
257   -0.109 
258   -0.273 
259   -0.364 
260   -0.400 
261   -0.673 
262   -0.736 
263   -0.500 
264   -0.500 
265   -0.636 
266   -0.636 
267   -0.382 
268   -0.691 
269   -0.736 
270   -0.764 
271   -0.891 
272   -0.891 
273   -1.073 
274   -1.309 
275   -1.191 
276   -1.218 
277   -1.382 
278   -1.382 
279   -1.045 
280   -1.000 
281   -0.836 
282   -0.400 
283   -0.127 
284   -0.064 
285   -0.018 
286    0.027 
287    0.055 
288    0.055 
289   -0.255 
290   -0.400 
291   -0.464 
292   -0.509 
293   -0.827 
294   -1.264 
295   -1.264 
296   -1.236 
297   -1.400 
298   -1.427 
299   -1.400 
300   -1.527 
301   -1.409 
302   -1.409 
303   -1.400 
304   -1.082 
305   -0.645 
306   -0.455 
307   -0.455 
308   -0.427 
309    0.009 
310    0.145 
311    0.327 
312    0.291 
313    0.291 
314    0.600 
315    0.191 
316   -0.245 
317   -0.245 
318    0.164 
319    0.073 
320   -0.427 
321   -0.655 
322   -0.900 
323   -1.027 
324   -1.027 
325   -1.436 
326   -1.527 
327   -1.345 
328   -1.600 
329   -2.009 
330   -1.945 
331   -1.882 
332   -1.655 
333   -1.409 
334   -1.409 
335   -1.182 
336   -1.091 
337   -0.955 
338   -1.018 
339   -0.927 
340   -0.518 
341   -0.491 
342   -0.327 
343   -0.536 
344   -0.691 
345   -0.691 
346   -0.809 
347   -0.764 
348   -0.655 
349   -0.773 
350   -0.682 
351   -0.991 
352   -1.082 
353   -1.245 
354   -1.245 
355   -1.336 
356   -1.218 
357   -1.309 
358   -1.536 
359   -1.718 
360   -1.718 
361   -1.836 
362   -1.936 
363   -1.709 
364   -1.682 
365   -1.636 
366   -1.382 
367   -1.373 
368   -1.327 
369   -0.827 
370   -0.645 
371   -0.618 
372   -0.618 
373   -0.709 
374   -0.918 
375   -0.945 
376   -0.782 
377   -0.536 
378   -0.636 
379   -0.455 
380   -0.455 
