  6    0.473 
  7    0.545 
  8    0.582 
  9    0.400 
 10    0.518 
 11    0.127 
 12   -0.282 
 13   -0.427 
 14   -0.700 
 15   -0.627 
 16   -0.645 
 17   -0.973 
 18   -0.927 
 19   -1.091 
 20   -1.000 
 21   -1.091 
 22   -0.945 
 23   -1.036 
 24   -0.964 
 25   -1.127 
 26   -1.318 
 27   -1.291 
 28   -1.145 
 29   -1.191 
 30   -1.191 
 31   -1.027 
 32   -0.927 
 33   -1.000 
 34   -0.936 
 35   -0.927 
 36   -0.882 
 37   -0.764 
 38   -0.791 
 39   -0.836 
 40   -0.955 
 41   -0.791 
 42   -0.800 
 43   -0.882 
 44   -0.818 
 45   -0.773 
 46   -0.873 
 47   -0.964 
 48   -1.082 
 49   -1.127 
 50   -1.082 
 51   -1.145 
 52   -1.282 
 53   -1.464 
 54   -1.509 
 55   -1.564 
 56   -1.418 
 57   -1.255 
 58   -1.209 
 59   -1.209 
 60   -1.473 
 61   -1.536 
 62   -1.036 
 63   -0.627 
 64   -0.627 
 65   -0.600 
 66   -0.609 
 67   -0.364 
 68   -0.436 
 69   -0.309 
 70   -0.355 
 71   -0.209 
 72    0.018 
 73    0.018 
 74   -0.300 
 75   -0.173 
 76   -0.155 
 77   -0.155 
 78   -0.564 
 79   -0.245 
 80    0.064 
 81    0.273 
 82    0.273 
 83    0.291 
 84   -0.145 
 85   -0.100 
 86   -0.291 
 87   -0.336 
 88   -0.409 
 89   -0.500 
 90   -0.909 
 91   -1.345 
 92   -1.318 
 93   -0.882 
 94   -1.036 
 95   -1.036 
 96   -1.200 
 97   -1.200 
 98   -1.082 
 99   -0.964 
100   -0.900 
101   -0.991 
102   -1.136 
103   -1.209 
104   -1.691 
105   -1.782 
106   -1.664 
107   -1.473 
108   -1.291 
109   -1.364 
110   -1.336 
111   -1.173 
112   -0.673 
113   -0.500 
114   -0.491 
115   -0.445 
116   -0.218 
117   -0.218 
118   -0.336 
119   -0.600 
120   -0.482 
121   -0.509 
122   -0.645 
123   -0.918 
124   -0.945 
125   -0.636 
126   -0.518 
127   -0.655 
128   -0.591 
129   -0.500 
130   -0.227 
131    0.045 
132   -0.118 
133    0.018 
134   -0.145 
135   -0.145 
136   -0.400 
137   -0.391 
138   -0.418 
139   -0.600 
140   -0.764 
141   -0.891 
142   -1.136 
143   -0.945 
144   -0.945 
145   -0.827 
146   -0.700 
147   -0.855 
148   -0.855 
149   -0.900 
150   -0.709 
151   -0.591 
152   -0.473 
153   -0.545 
154   -0.736 
155   -0.900 
156   -0.900 
157   -0.864 
158   -0.709 
159   -0.400 
160   -0.173 
161    0.073 
162    0.073 
163   -0.045 
164    0.027 
165    0.191 
166    0.191 
167    0.073 
168   -0.091 
169   -0.145 
170   -0.645 
171   -0.973 
172   -1.409 
173   -1.527 
174   -1.500 
175   -1.691 
176   -1.918 
177   -1.891 
178   -1.764 
179   -1.691 
180   -1.636 
181   -1.618 
182   -1.473 
183   -1.036 
184   -1.082 
185   -0.982 
186   -0.800 
187   -0.618 
188   -0.527 
189   -0.718 
190   -0.664 
191   -0.845 
192   -0.609 
193   -0.173 
194   -0.445 
195   -0.373 
196   -0.545 
197   -0.564 
198   -0.491 
199   -0.582 
200   -0.582 
201   -0.755 
202   -0.636 
203   -0.664 
204   -0.973 
205   -0.973 
206   -1.000 
207   -0.836 
208   -1.064 
209   -1.255 
210   -1.164 
211   -1.055 
212   -0.982 
213   -1.055 
214   -1.218 
215   -1.227 
216   -1.273 
217   -1.227 
218   -1.345 
219   -1.118 
220   -1.091 
221   -1.027 
222   -1.118 
223   -1.291 
224   -0.900 
225   -0.855 
226   -0.536 
227   -0.473 
228   -0.564 
229   -0.445 
230   -0.609 
231   -0.509 
232   -0.573 
233   -0.364 
234   -0.100 
235   -0.418 
236   -0.436 
237   -0.709 
238   -0.936 
239   -0.455 
240   -0.445 
241   -0.318 
242   -0.445 
243   -0.564 
244   -0.773 
245   -0.764 
246   -0.764 
247   -0.764 
248   -0.927 
249   -0.445 
250   -0.855 
251   -0.982 
252   -1.255 
253   -1.255 
254   -1.318 
255   -1.273 
256   -1.445 
257   -1.536 
258   -1.536 
259   -1.600 
260   -2.082 
261   -2.255 
262   -2.400 
263   -2.091 
264   -2.064 
