  6   -1.164 
  7   -1.027 
  8   -1.191 
  9   -1.245 
 10   -1.291 
 11   -1.155 
 12   -1.382 
 13   -1.318 
 14   -1.273 
 15   -1.164 
 16   -1.209 
 17   -1.264 
 18   -1.445 
 19   -1.445 
 20   -1.573 
 21   -1.527 
 22   -1.755 
 23   -1.500 
 24   -1.318 
 25   -1.382 
 26   -1.491 
 27   -1.491 
 28   -1.455 
 29   -1.409 
 30   -1.409 
 31   -1.409 
 32   -0.973 
 33   -0.909 
 34   -1.145 
 35   -1.300 
 36   -1.045 
 37   -0.545 
 38   -0.545 
 39   -0.773 
 40   -0.818 
 41   -0.627 
 42   -0.191 
 43   -0.627 
