  6   -0.682 
  7   -0.291 
  8    0.118 
  9   -0.064 
 10   -0.382 
 11   -0.209 
 12   -0.209 
 13   -0.209 
 14   -0.464 
 15   -0.545 
 16   -0.727 
 17   -0.727 
 18   -1.164 
 19   -1.664 
 20   -1.473 
 21   -1.427 
 22   -1.409 
 23   -1.291 
 24   -1.082 
 25   -0.891 
 26   -0.818 
 27   -0.773 
 28   -0.700 
 29   -0.700 
 30   -0.636 
 31   -0.827 
 32   -0.555 
 33   -0.600 
 34   -0.282 
 35   -0.445 
 36   -0.455 
 37   -0.455 
 38   -0.336 
 39   -0.364 
 40   -0.173 
 41    0.009 
 42   -0.036 
 43   -0.473 
 44   -0.355 
 45   -0.627 
 46   -0.445 
 47   -0.373 
 48   -0.309 
 49   -0.473 
 50   -0.700 
 51   -0.709 
 52   -0.864 
 53   -0.818 
 54   -0.791 
 55   -0.882 
 56   -0.882 
 57   -0.945 
 58   -1.018 
 59   -1.173 
 60   -1.173 
 61   -1.064 
 62   -1.245 
 63   -1.336 
 64   -1.400 
 65   -1.427 
 66   -1.427 
 67   -1.545 
 68   -1.500 
 69   -1.500 
 70   -1.527 
 71   -1.527 
 72   -1.409 
 73   -1.245 
 74   -1.245 
 75   -1.018 
 76   -0.836 
 77   -0.909 
 78   -0.955 
 79   -1.118 
 80   -1.073 
 81   -1.073 
 82   -1.027 
 83   -1.191 
 84   -1.191 
 85   -1.009 
 86   -1.045 
 87   -0.791 
 88   -0.618 
 89   -0.500 
 90   -0.564 
 91   -0.564 
 92   -0.127 
 93   -0.173 
 94    0.009 
 95    0.027 
 96   -0.091 
 97   -0.100 
 98   -0.600 
 99   -0.873 
100   -0.964 
101   -0.900 
102   -0.900 
103   -1.291 
104   -1.127 
105   -1.309 
106   -1.464 
107   -1.391 
108   -1.509 
109   -1.418 
110   -1.145 
111   -0.982 
112   -0.855 
113   -1.018 
114   -1.036 
115   -0.764 
116   -0.573 
117   -0.436 
118   -0.391 
119   -0.227 
120   -0.127 
121   -0.091 
122   -0.427 
123   -0.427 
124   -0.400 
125   -0.473 
126   -0.745 
127   -0.773 
128   -0.936 
129   -0.864 
130   -0.836 
131   -0.964 
132   -0.945 
133   -0.682 
134   -0.691 
135   -0.527 
136   -0.318 
137   -0.318 
138   -0.291 
139   -0.264 
140   -0.018 
141   -0.209 
142   -0.091 
143   -0.273 
144   -0.455 
145   -0.455 
146   -0.645 
147   -0.691 
148   -0.855 
149   -0.918 
150   -0.755 
151   -1.191 
152   -1.000 
153   -0.927 
154   -0.927 
155   -0.864 
156   -0.818 
157   -0.700 
158   -0.818 
159   -0.636 
160   -0.827 
161   -1.018 
162   -0.991 
163   -1.055 
164   -1.118 
165   -1.118 
166   -0.936 
167   -1.055 
168   -0.736 
169   -0.609 
170   -0.609 
171   -0.382 
172   -0.336 
173   -0.236 
174   -0.318 
175   -0.327 
176    0.109 
177   -0.073 
178    0.045 
179   -0.391 
180   -0.582 
181   -0.736 
182   -1.045 
183   -0.900 
184   -1.027 
185   -1.136 
186   -1.255 
187   -1.564 
188   -1.445 
189   -1.673 
190   -1.673 
191   -1.609 
192   -1.636 
193   -1.491 
194   -1.491 
195   -1.491 
196   -1.264 
197   -1.236 
198   -1.364 
199   -1.291 
200   -1.109 
201   -0.945 
202   -0.945 
203   -0.818 
204   -0.773 
205   -0.964 
206   -0.964 
207   -1.127 
208   -0.718 
209   -0.282 
210   -0.291 
211   -0.473 
212   -0.455 
213   -0.327 
214   -0.264 
215   -0.373 
216   -0.436 
217    0.000 
218    0.027 
219   -0.218 
220   -0.491 
221   -0.509 
222   -0.282 
223   -0.027 
224    0.009 
225   -0.182 
226   -0.118 
227   -0.100 
228   -0.100 
229   -0.009 
230   -0.200 
231   -0.427 
232   -0.736 
233   -0.964 
234   -1.464 
235   -1.464 
236   -1.345 
237   -1.182 
238   -0.700 
239   -1.109 
240   -1.273 
241   -1.273 
242   -1.209 
243   -1.064 
244   -1.000 
245   -0.773 
246   -0.773 
247   -0.955 
248   -0.955 
249   -1.391 
250   -1.418 
251   -1.182 
252   -1.064 
253   -1.036 
254   -1.009 
255   -0.818 
256   -0.855 
257   -1.064 
258   -0.809 
259   -0.536 
260   -0.100 
261    0.064 
262   -0.100 
263   -0.282 
264   -0.145 
265    0.264 
266    0.073 
267    0.136 
268    0.227 
269    0.064 
270   -0.418 
271   -0.736 
272   -0.855 
273   -0.764 
274   -0.509 
275   -0.673 
276   -0.945 
277   -0.945 
278   -1.136 
279   -1.018 
280   -1.109 
281   -1.064 
282   -1.155 
283   -1.345 
284   -1.273 
285   -1.345 
286   -1.227 
287   -1.345 
288   -1.391 
289   -1.391 
290   -1.527 
291   -1.300 
292   -1.300 
293   -0.891 
294   -0.627 
295   -0.382 
296   -0.373 
297   -0.055 
298    0.018 
299    0.018 
300   -0.045 
301    0.055 
302    0.082 
303    0.200 
304   -0.109 
305   -0.182 
306   -0.618 
307   -0.745 
308   -1.064 
309   -1.182 
310   -0.973 
311   -0.782 
312   -0.745 
313   -0.936 
314   -0.618 
315   -0.745 
316   -0.855 
317   -0.664 
318   -0.809 
319   -0.927 
320   -0.809 
321   -0.845 
322   -0.973 
323   -1.018 
324   -0.855 
325   -1.127 
326   -0.936 
327   -0.873 
328   -0.627 
329   -0.482 
330   -0.364 
331   -0.355 
332   -0.318 
333   -0.273 
334   -0.391 
335   -0.600 
336   -0.645 
337   -0.836 
338   -0.718 
339   -1.218 
340   -1.218 
341   -1.400 
342   -1.527 
343   -1.755 
344   -1.673 
345   -1.627 
346   -1.418 
347   -1.373 
348   -1.373 
349   -1.364 
350   -1.136 
351   -1.109 
352   -0.927 
353   -0.927 
354   -0.745 
355   -0.691 
356   -0.618 
357   -0.591 
358   -0.755 
359   -0.318 
360   -0.418 
361   -0.464 
362   -0.555 
363   -0.555 
364   -0.118 
365   -0.109 
366   -0.336 
367   -0.500 
368   -0.664 
369   -0.636 
370   -0.909 
371   -0.818 
372   -1.000 
373   -0.818 
374   -0.982 
375   -1.391 
376   -1.518 
377   -1.282 
378   -1.191 
379   -1.055 
380   -0.964 
381   -1.127 
382   -1.309 
383   -1.055 
384   -1.173 
385   -1.191 
386   -1.100 
387   -0.936 
388   -1.173 
389   -1.264 
390   -1.473 
391   -1.736 
392   -1.545 
393   -1.318 
394   -1.327 
395   -1.327 
396   -1.264 
397   -1.218 
398   -1.382 
399   -1.155 
400   -1.155 
401   -0.927 
402   -0.345 
403   -0.100 
404   -0.264 
405   -0.327 
406   -0.145 
407   -0.145 
408   -0.127 
409   -0.191 
410   -0.518 
411   -0.473 
412   -0.655 
413   -1.155 
414   -1.591 
415   -1.427 
416   -1.427 
417   -1.427 
418   -1.400 
419   -1.582 
420   -1.582 
421   -1.500 
422   -1.336 
423   -1.291 
424   -1.109 
425   -1.173 
426   -1.336 
427   -1.291 
428   -1.473 
429   -1.318 
430   -1.155 
431   -1.045 
432   -0.818 
433   -0.545 
434   -0.155 
435   -0.273 
436   -0.045 
437    0.391 
438    0.182 
439    0.345 
440    0.600 
441    0.555 
442    0.445 
443    0.400 
444    0.127 
445   -0.455 
446   -0.273 
447   -0.482 
448   -0.891 
449   -0.727 
450   -0.700 
451   -1.136 
452   -1.091 
453   -0.836 
454   -1.018 
455   -1.182 
456   -0.918 
457   -0.973 
458   -0.927 
459   -0.764 
460   -0.882 
461   -1.136 
462   -1.136 
463   -1.364 
464   -1.555 
465   -1.536 
466   -1.536 
467   -1.655 
468   -1.827 
469   -1.391 
470   -1.400 
471   -1.400 
472   -1.309 
473   -1.127 
474   -0.900 
475   -0.900 
476   -0.673 
477   -0.491 
478   -0.055 
479    0.018 
480   -0.236 
481   -0.236 
482    0.200 
483    0.364 
484    0.209 
485    0.045 
486    0.000 
487   -0.000 
488    0.255 
489   -0.064 
490    0.073 
491    0.327 
492    0.082 
493   -0.327 
494   -0.082 
495    0.082 
496    0.264 
497    0.436 
498    0.255 
499   -0.245 
500   -0.182 
501   -0.345 
502   -0.600 
503   -0.409 
504   -0.409 
505   -0.409 
506   -0.409 
507   -0.400 
508   -0.336 
509   -0.336 
510    0.164 
511   -0.082 
512   -0.082 
513   -0.264 
514   -0.264 
515   -0.100 
516   -0.373 
517   -0.400 
518   -0.473 
519   -0.636 
520   -0.518 
521   -0.764 
522   -0.764 
523   -0.582 
524   -0.455 
525   -0.418 
526   -0.491 
527   -0.627 
528   -0.609 
529   -0.536 
