  6   -0.464 
  7   -0.464 
  8   -0.855 
  9   -0.673 
 10   -0.673 
 11   -0.545 
 12   -0.364 
 13   -0.364 
 14   -0.227 
 15   -0.045 
 16    0.136 
 17   -0.055 
 18   -0.100 
 19   -0.145 
 20   -0.145 
 21   -0.400 
 22   -0.400 
 23   -0.582 
 24   -0.327 
 25   -0.318 
 26   -0.500 
 27   -0.636 
 28   -0.455 
 29   -0.018 
 30    0.418 
 31    0.236 
 32    0.055 
 33   -0.073 
 34    0.364 
 35    0.109 
 36   -0.036 
 37   -0.036 
 38   -0.082 
 39    0.173 
 40   -0.218 
 41   -0.473 
 42   -0.291 
 43    0.145 
 44    0.582 
 45    0.191 
 46    0.191 
 47    0.327 
 48    0.373 
 49    0.809 
 50    0.809 
 51    0.809 
 52    0.627 
 53    0.627 
 54    0.373 
 55    0.118 
 56    0.255 
 57    0.118 
 58    0.118 
 59    0.236 
 60   -0.082 
 61   -0.355 
 62   -0.282 
 63   -0.100 
 64   -0.118 
 65   -0.273 
 66   -0.427 
 67   -0.491 
 68   -0.100 
 69   -0.282 
 70   -0.282 
 71   -0.236 
 72   -0.282 
 73   -0.236 
 74   -0.236 
 75   -0.400 
 76   -0.245 
 77   -0.091 
 78    0.227 
 79   -0.209 
 80   -0.027 
 81   -0.073 
 82   -0.236 
 83   -0.173 
 84   -0.155 
 85   -0.291 
 86   -0.109 
 87   -0.109 
 88   -0.436 
 89   -0.691 
 90   -0.564 
 91   -0.564 
 92   -0.682 
 93   -0.727 
 94   -0.727 
 95   -0.955 
 96   -0.818 
 97   -0.564 
 98   -0.564 
 99   -0.373 
100   -0.118 
101   -0.245 
102   -0.382 
103   -0.200 
104   -0.027 
105   -0.164 
106    0.064 
107    0.318 
108    0.318 
109    0.136 
110    0.091 
111   -0.164 
112    0.273 
113    0.227 
114    0.045 
115   -0.127 
116    0.264 
117    0.127 
118   -0.264 
119   -0.573 
120   -0.573 
121   -0.136 
122   -0.318 
123   -0.573 
124   -0.391 
125   -0.345 
126   -0.118 
127   -0.555 
128   -0.418 
129   -0.027 
130   -0.155 
131   -0.155 
132   -0.545 
133   -0.355 
134   -0.100 
135   -0.155 
136   -0.200 
137   -0.200 
138   -0.018 
139   -0.082 
140   -0.327 
141   -0.327 
142   -0.145 
143    0.245 
144    0.055 
145   -0.200 
146   -0.327 
147    0.109 
148   -0.136 
149   -0.364 
150   -0.527 
151   -0.764 
152   -0.582 
153   -0.582 
154   -0.582 
155   -0.582 
156   -0.582 
157   -0.400 
158   -0.655 
159   -0.409 
160   -0.182 
161    0.045 
162    0.273 
163    0.273 
164    0.273 
165    0.018 
166   -0.027 
167   -0.255 
168   -0.391 
169   -0.391 
170   -0.527 
171   -0.664 
172   -0.664 
173   -0.409 
174   -0.591 
175   -0.727 
176   -0.727 
177   -0.682 
178   -0.591 
179   -0.455 
180   -0.455 
181   -0.318 
182   -0.318 
183   -0.318 
184   -0.573 
185   -0.391 
186   -0.436 
187   -0.545 
188   -0.364 
189   -0.409 
190   -0.591 
191   -0.582 
192   -0.809 
193   -0.900 
194   -1.127 
195   -0.873 
196   -0.618 
197   -0.182 
198   -0.227 
199   -0.282 
200   -0.282 
201    0.155 
202    0.127 
203    0.173 
204    0.655 
205    0.700 
206    0.455 
207   -0.027 
208   -0.464 
209   -0.536 
210   -0.664 
211   -0.482 
212   -0.727 
213   -0.455 
214   -0.455 
215   -0.955 
216   -0.764 
217   -0.518 
218   -0.518 
219   -0.518 
220   -0.282 
221   -0.282 
222   -0.282 
223   -0.036 
224   -0.427 
225    0.009 
226    0.509 
227    0.273 
228    0.018 
229    0.245 
230    0.409 
231    0.218 
232    0.218 
233    0.164 
234   -0.091 
235   -0.182 
236   -0.436 
237   -0.436 
238   -0.345 
239   -0.527 
240   -0.527 
241   -0.509 
242   -0.509 
243   -0.464 
244   -0.427 
245   -0.173 
246   -0.127 
247   -0.127 
248   -0.127 
249   -0.055 
250    0.127 
251   -0.055 
252   -0.045 
253    0.000 
254    0.136 
255   -0.073 
256   -0.509 
257   -0.327 
258   -0.327 
259   -0.764 
260   -0.700 
261   -0.700 
262   -0.700 
263   -0.709 
264   -0.573 
265   -0.573 
266   -0.091 
267   -0.136 
268   -0.136 
269   -0.136 
270   -0.091 
271   -0.273 
272   -0.273 
273   -0.273 
274   -0.455 
275   -0.455 
276   -0.455 
277   -0.709 
278   -0.482 
279   -0.482 
280   -0.664 
281   -0.527 
282   -0.345 
283   -0.345 
284   -0.164 
285    0.018 
286   -0.209 
287   -0.209 
288   -0.209 
289   -0.209 
290   -0.209 
291   -0.027 
292   -0.027 
293   -0.255 
294   -0.436 
295   -0.455 
296   -0.455 
297   -0.409 
298   -0.409 
299   -0.409 
300   -0.591 
301   -0.818 
302   -0.818 
303   -0.818 
304   -0.727 
305   -0.600 
306   -0.764 
307   -0.509 
308   -0.327 
309   -0.509 
310   -0.527 
311   -0.482 
312    0.000 
313   -0.182 
314   -0.364 
315   -0.364 
316   -0.536 
317   -0.100 
318   -0.582 
319   -0.764 
320   -0.736 
321   -0.736 
322   -0.927 
323   -1.173 
324   -1.173 
325   -0.736 
326   -0.845 
327   -0.364 
328   -0.636 
329   -0.155 
330   -0.155 
331    0.009 
332    0.027 
333    0.355 
334    0.345 
335    0.509 
336    0.509 
337    0.700 
338    0.455 
339    0.418 
340    0.109 
341    0.291 
342    0.100 
343   -0.082 
344   -0.082 
345   -0.100 
346   -0.136 
347   -0.636 
348   -0.582 
349   -0.591 
350   -0.282 
351    0.027 
352   -0.200 
353   -0.200 
354   -0.345 
355   -0.336 
356   -0.318 
357   -0.445 
358   -0.200 
359   -0.200 
360   -0.200 
361   -0.682 
362   -0.682 
363   -0.636 
364   -0.455 
365   -0.355 
366   -0.545 
367   -0.564 
368   -0.373 
369   -0.373 
370   -0.436 
371   -0.436 
372   -0.391 
373   -0.873 
374   -0.691 
375   -0.691 
376   -0.455 
377   -0.273 
378   -0.436 
379   -0.445 
380   -0.191 
381   -0.127 
382   -0.145 
383    0.291 
384    0.291 
385    0.291 
386    0.109 
387    0.355 
388    0.200 
389    0.636 
390    0.455 
391    0.200 
392   -0.045 
393   -0.209 
